
1924, 0657, 1028, 2084, 1968, 0183, 0318, 2930, 1024, 0824, 1211, 3475, 0688, 1183, 1250, 1154, 1607, 0204, 1304, 0344, 0020, 0575, 0743, 0821, 0416, 0332, 0331, 0236, 0304, 1947, 1960, 2267, 0736, 1560, 2246, 1597, 1788, 2057, 4799, 4770, 
0183, 1024, 1960, 1804, 1183, 0318, 1028, 3777, 2030, 0386, 2303, 0824, 1267, 2084, 4281, 1022, 1250, 3000, 1304, 0764, 0304, 0204, 1560, 2854, 0584, 4395, 1502, 1947, 0657, 1154, 0821, 1562, 0558, 0020, 0575, 0743, 3243, 1075, 3967, 1788, 2057, 0365, 1884, 4799, 4770, 4553, 0818, 1607, 0825, 0344, 2230, 1211, 0245, 3154, 0777, 0416, 0332, 0331, 0236, 0736, 1398, 0761, 0109, 0511, 0439, 3240, 2267, 
1502, 1560, 1267, 1154, 0558, 0824, 0318, 0020, 0575, 0764, 0446, 0777, 0623, 0818, 1947, 1211, 0245, 0183, 1250, 2067, 1607, 0304, 2937, 0821, 3124, 2854, 0416, 0332, 0688, 1022, 0204, 0825, 0761, 1887, 0236, 1304, 0511, 0439, 0331, 1028, 4667, 
1502, 1560, 1267, 1154, 0558, 0824, 4982, 0584, 0318, 0743, 0671, 0020, 0575, 0764, 0446, 0777, 0623, 0818, 1947, 1211, 0245, 2230, 0183, 1250, 2067, 1607, 0304, 2937, 0821, 3124, 2854, 0416, 0332, 1022, 0688, 0204, 0825, 0761, 1887, 3475, 0236, 1304, 0511, 0439, 0331, 1028, 4667, 
2084, 1028, 1502, 0818, 2267, 0584, 0511, 0439, 0743, 0688, 2854, 1887, 1607, 0318, 1560, 0623, 1946, 0825, 2246, 1154, 0777, 0764, 1267, 0671, 0657, 3470, 0558, 1947, 2937, 0824, 0761, 2067, 0020, 0575, 0416, 0332, 0331, 0236, 1211, 0245, 0821, 0204, 2272, 
2267, 0365, 1250, 0183, 1502, 0824, 1075, 0318, 0386, 0761, 1028, 1211, 0245, 0671, 4395, 0332, 2084, 2230, 0020, 0575, 0743, 0764, 0825, 2246, 1960, 1804, 2030, 0657, 2930, 4770, 0558, 1607, 0584, 0446, 0821, 1022, 4799, 1024, 1560, 2067, 0416, 0331, 0236, 0304, 3243, 4667, 3007, 0777, 1946, 0109, 1947, 1154, 1267, 0511, 0439, 0204, 4706, 0688, 1924, 2937, 0344, 2854, 1968, 1213, 3882, 
2267, 3007, 0204, 3882, 0236, 1028, 0318, 1968, 0688, 0446, 2854, 1560, 0386, 0761, 0824, 0365, 0764, 0304, 4706, 0511, 0439, 1267, 1154, 4667, 1022, 0584, 0657, 1947, 2246, 1502, 2030, 1960, 2930, 1946, 3000, 0558, 4799, 1024, 4770, 2084, 0416, 0332, 0331, 0183, 1250, 2067, 3243, 0777, 0821, 3124, 1607, 0109, 0020, 0575, 0743, 0825, 2230, 4395, 0671, 1211, 0245, 2937, 1075, 
1028, 0331, 0020, 0575, 1267, 0236, 0304, 0623, 0688, 1183, 0736, 0743, 0821, 4799, 0761, 4770, 0416, 0332, 0109, 0764, 2854, 0204, 1211, 0245, 
1028, 0331, 0020, 0575, 1267, 0236, 0304, 0623, 0688, 1183, 0736, 0743, 0821, 4799, 0761, 4770, 0416, 0332, 0109, 0764, 2854, 0204, 1211, 0245, 
1024, 0657, 0584, 2084, 0365, 1960, 1028, 2267, 0824, 0183, 1788, 2057, 1075, 1211, 1804, 1250, 4850, 4770, 2303, 0020, 1022, 1947, 0575, 0743, 0821, 0332, 0318, 0558, 0204, 3239, 1562, 1443, 0331, 0236, 0304, 2030, 1968, 1307, 0109, 1154, 0761, 0736, 1887, 1607, 0439, 0446, 1304, 4799, 
0204, 2030, 0558, 4982, 3963, 3243, 4553, 0365, 0183, 1028, 0824, 1804, 2230, 0657, 1960, 2084, 0318, 1560, 1024, 1304, 1947, 2303, 1884, 1788, 2057, 0777, 2267, 0761, 0688, 1183, 0671, 1607, 0020, 0575, 0743, 0764, 0623, 4799, 4770, 0736, 0236, 0416, 0332, 0584, 1250, 0304, 3777, 0344, 1562, 0109, 2067, 3255, 0446, 0511, 0439, 1211, 1154, 0825, 4395, 3007, 1946, 0331, 0821, 1022, 
1947, 1211, 0245, 0204, 0736, 2230, 1646, 1597, 0511, 0584, 1502, 1968, 4667, 1028, 0318, 1024, 1183, 2267, 0332, 0304, 0623, 0446, 0671, 2030, 3243, 0236, 1304, 3000, 1607, 1307, 1788, 2057, 1960, 2084, 0344, 4770, 4799, 0365, 1075, 0764, 3239, 0657, 0439, 0825, 1657, 0183, 0558, 0416, 0331, 0020, 0575, 0743, 0109, 1154, 0821, 0818, 0688, 0824, 0777, 3963, 1250, 
1947, 1211, 0245, 0584, 0318, 1028, 0736, 0657, 1443, 1788, 2057, 1646, 1250, 3882, 1960, 1597, 2230, 1024, 1562, 2267, 0332, 0304, 1502, 0623, 0825, 1607, 2084, 0109, 0416, 0331, 0236, 0020, 0575, 0743, 0558, 0671, 0344, 4770, 4799, 0365, 4677, 1657, 1307, 1267, 0204, 0386, 1304, 0511, 0439, 1154, 0183, 0824, 0777, 3239, 1075, 1968, 1887, 0764, 
1443, 0824, 1211, 0245, 0332, 0365, 0020, 1560, 0236, 0304, 1028, 1968, 0584, 0671, 0318, 0821, 0688, 1183, 1502, 0575, 1154, 0623, 1597, 2030, 4799, 4770, 2067, 0446, 0439, 1887, 1022, 0818, 0657, 2246, 3475, 0204, 1260, 1267, 0558, 1024, 4667, 1960, 0743, 0761, 3884, 1884, 
0777, 4395, 0764, 0304, 0623, 1304, 0761, 1154, 0736, 0688, 1183, 1028, 0331, 0236, 0558, 0245, 0344, 0511, 0439, 0416, 0332, 1560, 0575, 1562, 1947, 0584, 1502, 0824, 0365, 0204, 0825, 
0777, 4395, 0764, 0304, 0623, 0439, 1502, 0584, 1304, 1947, 1154, 0109, 0761, 0736, 0688, 1183, 1028, 0331, 0236, 0558, 1562, 0245, 0575, 0511, 0344, 1024, 0416, 0332, 1560, 2267, 0824, 0821, 0365, 0825, 
0736, 0204, 0183, 0020, 1022, 0584, 1183, 1968, 3425, 1304, 1257, 3407, 3890, 1577, 0236, 0558, 0446, 
0183, 1024, 1250, 0020, 0575, 0236, 0318, 0824, 0304, 1028, 1502, 0439, 1022, 1887, 4750, 1968, 0204, 0386, 1924, 3884, 0671, 0761, 0245, 1562, 1560, 0332, 0657, 1211, 1443, 0416, 0344, 1960, 3007, 4799, 4770, 0764, 1947, 0446, 0558, 
1022, 0657, 0743, 1968, 0183, 1024, 1250, 0236, 0365, 0824, 0304, 4706, 1028, 1924, 0446, 0761, 0245, 1562, 1947, 1211, 0764, 1560, 0332, 3007, 0344, 3356, 4670, 1960, 0416, 1443, 4799, 4770, 2230, 0386, 0821, 3884, 0020, 0575, 0439, 0558, 
1154, 1924, 2267, 3884, 0446, 0761, 0558, 0584, 0020, 0575, 1028, 0236, 0304, 0439, 0671, 0318, 4670, 0183, 1250, 1024, 1960, 4770, 2230, 0764, 1560, 1022, 4799, 2030, 0821, 2084, 1211, 3356, 0657, 0332, 1947, 1443, 1304, 0245, 1562, 0416, 0824, 1968, 0344, 0386, 0743, 
1960, 4799, 4770, 1024, 1028, 0318, 1133, 1947, 0623, 1154, 0688, 1183, 2230, 0331, 0236, 0304, 0761, 0736, 0558, 0671, 0416, 0332, 1560, 1562, 0511, 0439, 0818, 0245, 0020, 0575, 0764, 0584, 1884, 2084, 2030, 0824, 0365, 0183, 4982, 1946, 1250, 0204, 0825, 2303, 4395, 0777, 3963, 2246, 1804, 3777, 1304, 0446, 1788, 2057, 0344, 3470, 3154, 1968, 
1028, 1804, 3777, 1960, 1250, 2030, 2303, 1304, 0183, 0446, 1788, 2057, 0344, 1183, 0332, 0365, 3470, 3154, 1024, 4799, 4770, 0318, 1133, 1947, 0623, 1154, 0688, 2230, 0331, 0236, 0304, 0109, 0761, 0736, 0558, 0671, 0416, 1560, 1562, 0511, 0439, 2067, 0818, 0245, 0020, 0575, 0764, 1884, 2084, 2267, 0824, 4982, 1946, 0204, 0825, 4670, 4395, 0777, 3963, 
4799, 4770, 1024, 1028, 0318, 1133, 1947, 1960, 0623, 1154, 0688, 1183, 2230, 0331, 0236, 0304, 0761, 2303, 0736, 0558, 0671, 0416, 0332, 1560, 1562, 0511, 0439, 2067, 0818, 0245, 0020, 0575, 0764, 0584, 1884, 2084, 2267, 2030, 0824, 0365, 0183, 4982, 1946, 1250, 0204, 0825, 4395, 0777, 3963, 1804, 3777, 1304, 0446, 1788, 2057, 0344, 3470, 3154, 
4670, 1024, 1024, 2303, 1028, 2303, 2303, 2303, 0825, 0204, 1250, 1946, 4982, 0183, 0365, 0824, 2030, 1960, 2084, 4395, 4799, 4770, 1884, 0584, 0020, 0575, 0764, 2230, 0245, 1804, 0818, 2067, 0511, 0439, 1562, 0236, 0304, 1560, 0416, 0332, 0558, 0736, 0109, 0761, 0331, 0688, 1183, 1154, 0623, 1947, 1133, 0318, 3963, 0777, 1304, 0446, 1788, 2057, 0344, 3470, 3154, 3777, 
0365, 1960, 4799, 4770, 1024, 1028, 0318, 1133, 1947, 0623, 1154, 0688, 1183, 2230, 0331, 0236, 0304, 0761, 2303, 0736, 0558, 0671, 0416, 0332, 1560, 1562, 0511, 0439, 2084, 0818, 1804, 1211, 0020, 0575, 0764, 0584, 1884, 4395, 2030, 0824, 0183, 1250, 0204, 0825, 4670, 0777, 3963, 3777, 3154, 3470, 0344, 1788, 2057, 0446, 1304, 
0365, 1960, 4799, 4770, 1024, 1028, 0318, 1133, 1947, 1154, 0688, 1183, 2230, 0331, 0236, 0304, 0109, 0761, 2303, 0736, 0558, 0671, 0416, 0332, 1560, 1562, 0511, 0439, 2084, 0818, 1804, 1211, 0020, 0575, 0764, 0584, 1884, 4395, 2030, 0824, 0183, 4982, 1250, 0204, 0825, 4670, 0777, 3963, 0623, 2246, 3777, 3154, 3470, 0344, 1788, 2057, 0446, 1304, 
3470, 1968, 1960, 0623, 1028, 2303, 2230, 1560, 0318, 0236, 4982, 0331, 1024, 0304, 1257, 4799, 4770, 1502, 1022, 0657, 2084, 0183, 0584, 1250, 0824, 0558, 1213, 0365, 0511, 3239, 1804, 0761, 0688, 4553, 1075, 2854, 1562, 1657, 1788, 2057, 2930, 1154, 1304, 0777, 2030, 3882, 0446, 0821, 3243, 0204, 3007, 4670, 1183, 0818, 3963, 1398, 1267, 0439, 0109, 0332, 1947, 4395, 3000, 3240, 0344, 2267, 0416, 0736, 3154, 0825, 4281, 0020, 0575, 0743, 0764, 1211, 0245, 
0236, 1022, 0318, 0657, 0657, 2272, 0204, 2230, 3475, 1211, 1307, 1028, 0020, 0575, 0743, 0821, 0671, 1154, 4677, 0584, 4799, 4770, 0331, 0304, 0511, 0764, 0777, 0825, 0365, 0558, 0344, 0416, 1924, 0245, 4667, 0761, 2267, 1597, 0183, 1024, 1250, 1960, 2246, 3884, 1947, 
0331, 0777, 1133, 1968, 0818, 0764, 1154, 0416, 0332, 0344, 2303, 1028, 0236, 0304, 0825, 0204, 0020, 0688, 0761, 0318, 4770, 0558, 1947, 1183, 1560, 2230, 0511, 0439, 3882, 0575, 0743, 2854, 0623, 0736, 1213, 0365, 0245, 1267, 3470, 
0736, 0245, 1028, 0446, 1154, 0743, 0818, 0416, 0236, 1502, 0020, 0575, 0821, 0558, 0332, 0331, 0304, 0511, 0764, 4770, 0777, 0825, 0824, 1968, 0623, 1947, 0204, 1307, 2267, 1211, 3697, 
0736, 0245, 0671, 1028, 0446, 1154, 0743, 0818, 0416, 0236, 1502, 0020, 0821, 0558, 0332, 0331, 0304, 0511, 0764, 4770, 0777, 0825, 0824, 1968, 0623, 1947, 0204, 1307, 2267, 1211, 3697, 
0688, 0304, 0204, 0318, 1947, 0416, 1183, 0761, 1560, 0821, 0743, 1075, 1502, 0736, 0511, 0439, 0332, 0331, 1028, 0236, 0825, 0777, 1154, 0245, 0020, 0575, 1211, 0558, 1607, 0764, 
1607, 0764, 0558, 1211, 0020, 0575, 0204, 1154, 0777, 1502, 0825, 0821, 0743, 2267, 0332, 0331, 1028, 0236, 0511, 0439, 1560, 0761, 1183, 0416, 1947, 0318, 0304, 0688, 
1607, 0764, 0558, 1211, 0020, 0575, 0204, 1154, 0777, 1502, 0825, 0821, 0743, 2267, 0332, 0331, 1028, 0236, 0511, 0439, 1560, 0761, 1183, 0416, 1947, 0318, 0304, 0688, 
0688, 0304, 0204, 0318, 1947, 0416, 1183, 0761, 1028, 1560, 0511, 0439, 0332, 0331, 0236, 1502, 2267, 0743, 0821, 0825, 0777, 1154, 0020, 0575, 1211, 0558, 1607, 0764, 
0688, 1947, 0446, 1597, 0204, 1307, 0671, 2246, 1968, 1028, 2267, 1443, 0020, 1075, 0558, 1924, 0824, 0584, 0332, 0416, 1154, 4247, 0657, 1804, 1960, 0575, 0743, 0821, 0236, 0318, 1502, 1887, 2230, 1788, 2057, 0818, 1304, 1024, 1250, 0183, 0736, 1211, 0331, 0304, 0511, 0764, 4770, 0777, 0825, 3884, 
0688, 1947, 0446, 1597, 0204, 1307, 2246, 1968, 0671, 1028, 2267, 1075, 1924, 0824, 0584, 3425, 0416, 1154, 4247, 0344, 0657, 1804, 1960, 0020, 0575, 0743, 0821, 0558, 0236, 0332, 0318, 1502, 1788, 2057, 0818, 1304, 1024, 1250, 0183, 0736, 1211, 0331, 0304, 0511, 0764, 4770, 0777, 0825, 3884, 
2267, 1307, 1211, 4667, 1024, 1960, 1250, 1028, 1947, 0183, 1924, 0332, 0236, 0818, 0331, 0304, 0511, 0764, 4770, 0777, 0825, 0416, 0020, 0575, 0743, 0821, 0558, 1154, 2031, 4670, 2230, 2084, 1443, 0439, 0584, 0446, 1788, 2057, 0657, 1502, 2246, 1968, 3963, 0204, 3475, 4750, 1887, 0736, 1075, 0671, 0386, 3884, 
1024, 4670, 1960, 0657, 0736, 1307, 1502, 2084, 1028, 0584, 0558, 3475, 4750, 0446, 0386, 4395, 2230, 0332, 0331, 0304, 0511, 0764, 4770, 0777, 0825, 0761, 1968, 1924, 0824, 0204, 1597, 0020, 0575, 0743, 0821, 0416, 0236, 1154, 1304, 2267, 0818, 3007, 0183, 1947, 1250, 1211, 3884, 
1597, 3425, 0416, 0331, 1028, 0236, 0304, 0764, 0584, 2230, 0344, 0818, 1213, 1307, 0736, 0575, 0743, 0821, 1154, 0761, 1211, 1884, 2185, 4799, 0511, 1887, 0020, 1968, 1947, 0332, 0183, 
0584, 1075, 2272, 1597, 0204, 0671, 0318, 4799, 0183, 1250, 0657, 1028, 1960, 1502, 1304, 1024, 4770, 2230, 0824, 1788, 2057, 1577, 3407, 1307, 1804, 3240, 1022, 0020, 2303, 0236, 4667, 2030, 2267, 1968, 0558, 1560, 1946, 1154, 0743, 0575, 1257, 3425, 1947, 4982, 0736, 3239, 2246, 0386, 1260, 
0818, 0365, 0688, 1960, 3697, 1304, 1562, 1968, 0204, 1028, 0183, 1211, 0245, 1502, 0736, 0821, 1250, 0304, 0777, 0318, 0584, 1597, 2230, 0558, 1560, 0332, 3000, 3239, 1947, 1607, 0671, 0623, 2272, 4770, 2084, 2303, 0386, 0657, 0416, 0331, 0236, 0764, 4677, 0824, 0109, 1154, 1267, 1133, 2246, 0825, 0743, 0020, 0575, 0761, 1887, 4667, 3154, 2854, 0511, 0439, 2267, 2134, 
1307, 1443, 1024, 1028, 0511, 0439, 0657, 4281, 0245, 0736, 1607, 1968, 2084, 0584, 1502, 1562, 0824, 1304, 0183, 1250, 0764, 1884, 4850, 0777, 0825, 2030, 4799, 1960, 2267, 0671, 1154, 0575, 0743, 1597, 0688, 0318, 1804, 0332, 0331, 0236, 0304, 0416, 2185, 0818, 0761, 2230, 0344, 0365, 0204, 1211, 1947, 0109, 2057, 1788, 2303, 
3884, 2084, 1947, 1211, 0245, 2230, 1968, 0318, 0365, 0736, 1028, 2185, 1924, 0446, 1502, 0818, 0777, 0825, 0416, 0332, 0331, 0236, 0304, 0020, 0575, 0743, 0821, 0558, 1250, 1183, 1307, 1304, 0344, 0204, 4770, 1154, 0764, 
0344, 0332, 0416, 4770, 0777, 0511, 0688, 1183, 0020, 0575, 0743, 2854, 1924, 0764, 0331, 0818, 0821, 1154, 1887, 3475, 1213, 0623, 0736, 0204, 0558, 0245, 0318, 2084, 1947, 1028, 0236, 0304, 2067, 4395, 0365, 2230, 0446, 0761, 1502, 2246, 
0365, 0204, 3697, 2267, 0688, 3154, 1968, 4667, 2854, 1502, 0761, 1022, 0743, 0020, 0575, 0764, 0825, 3124, 1028, 1267, 1154, 1946, 0446, 1804, 0657, 1947, 2230, 1560, 0318, 1607, 0439, 1788, 2057, 2031, 0183, 0109, 0558, 0671, 0416, 0332, 0331, 0236, 0304, 0777, 0824, 1960, 1024, 0736, 0821, 3963, 1211, 0245, 0584, 0511, 1443, 
2854, 0204, 1211, 0245, 1028, 1267, 0236, 0304, 0623, 0688, 1183, 0736, 1250, 0743, 0821, 0761, 4770, 0416, 0332, 0331, 0109, 0764, 
0761, 1960, 1804, 0318, 1024, 0743, 0020, 0575, 0764, 0825, 2303, 1267, 1154, 0109, 0824, 2084, 1028, 3697, 0365, 4677, 1502, 0671, 1560, 0416, 0332, 0331, 0236, 0304, 1947, 1607, 0623, 1250, 0183, 0558, 2267, 2230, 0386, 1597, 1788, 2057, 2031, 0584, 1443, 0777, 2246, 0821, 0446, 1211, 0245, 0204, 1968, 3154, 2854, 0511, 0439, 1304, 2134, 0818, 0688, 4667, 
0761, 1960, 1804, 0318, 1024, 0743, 0020, 0575, 0764, 0825, 2303, 0365, 1267, 1154, 0109, 0824, 2084, 1028, 3697, 2185, 4677, 1502, 0671, 0736, 0236, 0304, 0331, 1560, 0416, 0332, 1947, 1607, 2230, 0558, 2267, 0623, 4670, 0386, 0584, 1443, 0777, 0183, 1250, 0821, 0446, 1211, 0245, 1884, 0204, 1968, 3154, 2854, 0511, 0439, 4706, 1304, 2134, 0818, 0688, 1924, 4667, 
0761, 1960, 1804, 0318, 1024, 0743, 0020, 0575, 0764, 0825, 2303, 0365, 1267, 1154, 0109, 0824, 2084, 1028, 3697, 2185, 4677, 2246, 1502, 0671, 1560, 0416, 0332, 0331, 0236, 0304, 1947, 1607, 0623, 0558, 2267, 2230, 4670, 0386, 1788, 2057, 2031, 0183, 0584, 0777, 1250, 0821, 0446, 0736, 1211, 0245, 1443, 1884, 0657, 1887, 0204, 1968, 3154, 2854, 0511, 0439, 4706, 1304, 2134, 0818, 0688, 1924, 4667, 
0761, 1960, 1804, 0318, 1024, 0743, 0020, 0575, 0764, 0825, 2303, 0365, 1267, 1154, 0109, 0824, 2084, 1028, 3697, 4677, 1502, 0671, 1560, 0416, 0332, 0331, 0236, 0304, 1947, 1607, 0623, 0558, 2267, 2230, 4670, 0386, 1250, 1788, 2057, 2031, 0183, 0584, 1443, 0777, 0821, 0736, 1211, 0245, 1075, 1884, 0204, 1968, 3154, 2854, 0511, 0439, 1304, 2134, 0818, 0688, 1924, 4667, 
0657, 0318, 1560, 1211, 2230, 1183, 1607, 0688, 1028, 2854, 2067, 3007, 2246, 0386, 1960, 1887, 1213, 3475, 0584, 1646, 1502, 0204, 1443, 4667, 0824, 4770, 1154, 2267, 0020, 0575, 0743, 0761, 0416, 0236, 0671, 0245, 0344, 0558, 0821, 1947, 0331, 4799, 0304, 0764, 0365, 4706, 1267, 1597, 1562, 
1607, 1788, 2057, 2303, 0236, 0304, 0332, 0511, 4770, 1960, 1443, 1028, 1257, 1577, 0204, 0331, 0777, 3000, 3239, 1024, 1884, 4799, 3963, 0671, 0318, 0446, 2267, 1560, 1250, 0183, 3124, 0825, 0386, 3425, 0575, 0688, 4281, 4667, 0365, 0818, 3007, 3884, 1183, 2067, 1022, 1562, 0020, 0109, 0584, 3407, 0657, 4677, 0558, 1968, 1646, 
1788, 2057, 1024, 0204, 0318, 3963, 1646, 0236, 0304, 0584, 3407, 1577, 0777, 1960, 3239, 0331, 0575, 0688, 4281, 0825, 2230, 0183, 1607, 1250, 4799, 1028, 1884, 0824, 1183, 0332, 2067, 0386, 1562, 0818, 0558, 1022, 1075, 1443, 3007, 0671, 0020, 0109, 4706, 0764, 1257, 2267, 1968, 0511, 4770, 
2267, 1960, 1024, 1968, 2303, 1028, 1211, 0245, 0657, 1804, 0183, 1946, 2030, 1075, 1947, 0761, 3000, 1597, 0584, 1884, 1250, 0365, 0204, 0416, 0575, 0743, 0821, 0558, 0331, 0332, 0236, 0304, 4799, 2084, 0318, 1502, 0777, 1398, 2230, 0109, 0020, 0623, 1022, 1304, 3882, 0764, 0511, 4770, 1788, 2057, 2185, 1657, 1607, 1562, 1560, 1154, 0386, 2246, 0825, 0824, 2272, 3239, 4982, 1260, 
1960, 3239, 0318, 2303, 1024, 0304, 0657, 1947, 0584, 1884, 4799, 4770, 2246, 0365, 4781, 1562, 1657, 0761, 2267, 1028, 2030, 0020, 2230, 0623, 0204, 1154, 0183, 1250, 0439, 0332, 1443, 0558, 1968, 0825, 0511, 1560, 1804, 0236, 0764, 0777, 1022, 1946, 1398, 0331, 3243, 4982, 0575, 0743, 0821, 0416, 2185, 1075, 1304, 1211, 0245, 1260, 
1028, 0318, 0318, 0236, 3882, 3963, 1213, 1947, 0761, 0511, 0439, 0818, 0365, 0575, 0743, 1154, 5379, 2067, 0416, 0332, 1502, 0304, 0825, 0821, 0688, 1183, 0671, 0824, 0344, 1560, 0020, 0764, 0777, 0331, 2267, 1960, 1924, 0736, 0245, 1267, 0204, 0558, 4770, 
1307, 0204, 1502, 0657, 0344, 0736, 3884, 1804, 0584, 1887, 1597, 4667, 2246, 0183, 1257, 3425, 1028, 0558, 1577, 3407, 1304, 0020, 0575, 2230, 0416, 0236, 0764, 0332, 0331, 0304, 0511, 4770, 0777, 0825, 0623, 
0446, 2084, 1028, 0657, 2246, 0236, 0584, 1267, 0386, 1968, 0558, 0204, 1597, 1307, 1577, 1211, 1502, 3407, 1304, 0818, 0020, 0575, 0416, 0183, 1257, 3425, 4770, 3697, 1607, 0764, 0332, 0331, 0304, 0511, 0777, 0825, 2230, 3884, 0318, 0736, 1947, 0671, 
0446, 2084, 1028, 0657, 2246, 1304, 0236, 0584, 1267, 0386, 1968, 0558, 0204, 1597, 1307, 1577, 1502, 3407, 0818, 0020, 0575, 0416, 4781, 0183, 1257, 3425, 0511, 3697, 1607, 3475, 0764, 0332, 0331, 0304, 4770, 0777, 0825, 2230, 3884, 1250, 0318, 0736, 1947, 0671, 
1307, 1960, 2267, 0204, 1502, 0657, 0344, 0736, 1887, 1597, 2246, 1968, 1028, 0558, 4667, 0183, 1257, 3425, 0332, 0236, 0331, 0304, 0511, 0764, 4770, 0777, 0825, 0623, 1443, 1577, 3407, 1304, 0020, 0575, 0416, 3884, 0439, 0584, 
0764, 0332, 0236, 0331, 1028, 0304, 0511, 0764, 4770, 0777, 0825, 0623, 4667, 1887, 1211, 0416, 2246, 1597, 0657, 1502, 1267, 0183, 0584, 1250, 2230, 1257, 1947, 0736, 3884, 1607, 0558, 3425, 0020, 0575, 0818, 1307, 0318, 1577, 3407, 1304, 1154, 
0584, 0416, 3697, 0204, 3967, 1028, 3475, 0446, 3407, 1577, 1304, 1597, 1307, 0365, 0318, 0332, 0236, 0331, 0304, 0511, 0764, 0439, 0777, 0825, 0736, 1887, 1502, 0344, 0671, 0818, 3884, 0386, 1154, 0183, 1257, 2267, 0558, 4781, 0020, 0575, 1968, 2084, 
0204, 0821, 0818, 4395, 0416, 0332, 1028, 0304, 0344, 0331, 2854, 0623, 0558, 0020, 0575, 0743, 1154, 1211, 2230, 4770, 0777, 1968, 1502, 0446, 0761, 0736, 1947, 0688, 1183, 0318, 1560, 0764, 
1028, 1024, 1960, 2303, 1022, 2267, 0331, 1947, 0245, 0183, 2067, 0657, 4799, 0824, 4770, 1250, 0386, 3000, 1075, 2030, 0623, 0821, 1183, 1304, 0558, 0344, 1211, 0439, 0761, 1968, 0584, 0204, 1502, 0236, 0020, 0575, 0743, 1154, 0736, 0109, 0446, 1804, 3239, 1884, 1560, 0365, 1597, 2230, 0318, 
1502, 1577, 3407, 1577, 1947, 1211, 0245, 1028, 1443, 1257, 0736, 0623, 0386, 2084, 1887, 2267, 0824, 0584, 0020, 0575, 0743, 0511, 4770, 1154, 1304, 0558, 0818, 0777, 0825, 0671, 0318, 1646, 1597, 0416, 0331, 0236, 1307, 1607, 0109, 0657, 4670, 0332, 0304, 1267, 2246, 0764, 
1502, 1577, 3407, 1577, 0657, 1947, 1211, 1443, 1028, 2267, 1257, 0736, 0623, 0236, 0386, 2084, 1887, 0824, 0584, 0020, 0575, 0743, 0511, 4770, 1154, 1304, 0558, 0183, 0818, 4781, 0777, 0825, 2272, 0671, 0318, 1646, 1597, 0416, 0331, 1307, 1607, 0109, 4670, 0332, 0304, 2246, 0764, 
1597, 2246, 0764, 1307, 1502, 1267, 0332, 0304, 1028, 4670, 0657, 0109, 0671, 1607, 0416, 0331, 0236, 1646, 0318, 0777, 0825, 2267, 0818, 0183, 0558, 1304, 0511, 0439, 1154, 0020, 0575, 0743, 0584, 0824, 1887, 1211, 2084, 0386, 0623, 0736, 1257, 1443, 0245, 1947, 1577, 3407, 
1947, 3239, 1646, 1597, 1028, 0318, 0236, 1250, 0183, 1960, 2303, 0446, 0386, 1788, 2057, 0344, 1968, 4770, 1024, 4799, 1304, 1804, 1884, 0764, 1307, 0332, 0304, 2084, 0109, 0416, 0331, 0020, 0575, 0743, 0558, 2267, 0623, 0671, 0584, 0657, 3963, 0777, 0825, 0824, 1154, 0439, 0511, 0821, 0761, 0818, 0688, 1183, 0365, 0736, 1443, 0204, 1211, 0245, 1607, 
1443, 1250, 1028, 3239, 2084, 0446, 2230, 0657, 1502, 1968, 1307, 1597, 0332, 0304, 0623, 1887, 0109, 0416, 0331, 2246, 0020, 0575, 0743, 0558, 2267, 0824, 0204, 0671, 0511, 4770, 1154, 0584, 0821, 0818, 0777, 0825, 0365, 0318, 1607, 1646, 0736, 0764, 0439, 1211, 0245, 1947, 4667, 
0446, 0764, 1028, 2084, 0365, 1968, 1154, 0558, 4799, 4770, 1924, 0416, 0332, 0331, 0236, 0304, 1960, 1211, 0204, 0344, 0824, 0020, 0575, 0743, 0821, 0657, 1947, 0736, 
4667, 0818, 0777, 0764, 0204, 1028, 2067, 1887, 2246, 2084, 0824, 1607, 2937, 0318, 1560, 1946, 0558, 1267, 1154, 1502, 0657, 0623, 0671, 1947, 2854, 0761, 0511, 0439, 0688, 0416, 0332, 0331, 0236, 0821, 0743, 0020, 0575, 0584, 2267, 1022, 1211, 0245, 
0688, 1183, 1024, 1788, 2057, 0764, 1560, 0416, 0332, 0331, 1028, 0236, 0304, 1960, 1947, 1968, 0386, 1607, 2030, 0318, 1304, 4670, 2246, 0671, 1597, 1924, 2267, 4770, 0204, 0344, 2230, 0183, 4799, 0511, 0245, 1250, 2272, 2084, 0020, 0575, 0743, 0821, 0824, 0736, 0584, 0657, 
3000, 1968, 0511, 0439, 0657, 2084, 1028, 1211, 1183, 0365, 0020, 0575, 0764, 0584, 0344, 0818, 4770, 2030, 3243, 1804, 1024, 2303, 1250, 0109, 1562, 2067, 0236, 0304, 1560, 1960, 3239, 5379, 0332, 2267, 0318, 1607, 0671, 1304, 1502, 4670, 2246, 0204, 0825, 0821, 0183, 2230, 1788, 2057, 1946, 4395, 4553, 3963, 0446, 0777, 0623, 0824, 4799, 1887, 1133, 1947, 1154, 0761, 1884, 0736, 0688, 0331, 0558, 1597, 0416, 
0511, 0439, 2267, 1560, 1028, 2854, 0204, 1267, 1947, 0657, 0671, 0736, 1211, 0245, 1502, 0825, 0109, 1562, 0416, 0332, 0331, 0236, 0304, 4770, 0020, 0575, 0743, 0764, 0821, 2230, 3007, 0777, 0558, 0688, 1154, 1960, 0824, 0761, 1968, 0446, 
0236, 0318, 1960, 1260, 0204, 1028, 3239, 2230, 1024, 4799, 2246, 1804, 1211, 0245, 0584, 0183, 1788, 2057, 2030, 2084, 1884, 2185, 2267, 1250, 0777, 4770, 2303, 1947, 0657, 0623, 1022, 2937, 0671, 1946, 3243, 3777, 3000, 0558, 1968, 1304, 0439, 2272, 0331, 0304, 1597, 0020, 1307, 4982, 0736, 1560, 0575, 0743, 0821, 1562, 1502, 0365, 0824, 0688, 1183, 3884, 0332, 
0236, 0318, 1260, 1960, 1028, 0824, 2267, 0657, 2030, 0671, 0584, 0446, 0688, 1183, 2230, 1024, 3884, 1250, 0204, 0332, 1304, 2303, 2084, 0183, 0825, 4799, 4770, 1947, 0020, 2272, 1804, 3239, 0623, 1884, 1022, 2937, 1946, 3243, 0439, 3000, 0558, 1968, 0331, 0304, 1597, 2134, 1307, 1788, 2057, 4982, 0736, 1560, 0743, 0821, 0575, 0761, 1154, 1657, 1562, 1211, 0245, 2246, 
0318, 1028, 1960, 1024, 2030, 1804, 0657, 0204, 0183, 2303, 4799, 4770, 0446, 3255, 2084, 1788, 2057, 0688, 1183, 3884, 1250, 2230, 0584, 3154, 3239, 1304, 2272, 0332, 0365, 0236, 2267, 1562, 0020, 1946, 0575, 0743, 0821, 0558, 1154, 1560, 1022, 0109, 0623, 1884, 0824, 3000, 3243, 1968, 0331, 0304, 1597, 1307, 2937, 4982, 0736, 1211, 2185, 0761, 1947, 0386, 0245, 2246, 1502, 1260, 
0446, 1307, 0344, 0416, 0558, 0575, 0736, 0204, 0236, 
1307, 0344, 0416, 0446, 0558, 0575, 0736, 0204, 0236, 
1028, 0344, 0584, 1502, 0446, 2267, 0575, 0736, 0204, 0416, 1307, 0236, 0558, 
1502, 0575, 0558, 
1502, 0446, 0558, 0584, 0204, 
1028, 0344, 0584, 1502, 0446, 2267, 0575, 0736, 0204, 0416, 1307, 0558, 
0446, 0736, 0204, 0416, 0558, 0584, 0344, 1307, 3356, 0575, 1502, 
0584, 0236, 1307, 0416, 0575, 2267, 0736, 0204, 0446, 1502, 0558, 
1502, 0558, 
1502, 
0344, 0584, 0736, 0204, 1502, 0558, 0446, 2030, 0416, 
0245, 1211, 1267, 0688, 1183, 0204, 0743, 1028, 0236, 0304, 0109, 0416, 0332, 0764, 1947, 0344, 4799, 0821, 4770, 2854, 0020, 0575, 0736, 0331, 
4770, 0318, 0236, 0511, 0439, 1597, 1267, 0183, 0109, 0824, 4395, 0416, 0332, 0331, 1028, 0304, 2854, 1211, 0245, 0825, 0365, 1657, 0777, 0736, 0821, 1398, 1960, 1022, 0584, 1502, 0386, 1250, 2084, 0688, 1183, 1562, 2067, 0558, 1154, 0204, 1213, 3239, 0761, 1947, 0020, 0575, 0743, 0764, 1968, 
0365, 1960, 4799, 4770, 1024, 2303, 1028, 0236, 1804, 2030, 0318, 2084, 1133, 1947, 0623, 1154, 0688, 1183, 2230, 0331, 0304, 0109, 0761, 0764, 0204, 3963, 0777, 4395, 4670, 0825, 1946, 1250, 0183, 0824, 1304, 2267, 5379, 1884, 0584, 0020, 0575, 1211, 1597, 0818, 2067, 0511, 0439, 1562, 1560, 0416, 0332, 0558, 0736, 2246, 0657, 3154, 0344, 1788, 2057, 3000, 0446, 
0204, 1560, 1028, 0109, 1607, 1960, 1804, 1398, 2303, 1250, 0824, 0657, 3243, 0236, 0365, 0304, 4706, 0688, 1075, 0511, 0439, 1443, 2030, 2084, 2854, 0318, 0821, 2937, 0020, 0575, 0743, 0764, 0825, 1211, 0245, 0818, 2267, 1788, 2057, 0183, 1502, 1024, 4770, 0332, 1946, 0386, 4799, 0446, 3255, 0558, 1022, 3425, 3470, 2230, 3000, 3239, 4247, 2067, 1968, 3154, 0623, 2246, 0777, 0416, 0331, 0584, 1947, 1183, 0761, 1154, 1267, 4670, 4395, 
2246, 1028, 1960, 0332, 0584, 0386, 1804, 1024, 1250, 1211, 0245, 0558, 0575, 4799, 4770, 1788, 2057, 2030, 0743, 0821, 0318, 1398, 0657, 0331, 0236, 0304, 2267, 0020, 0439, 1260, 0736, 0204, 2303, 2084, 0365, 1307, 2272, 1968, 0183, 0671, 1154, 1304, 0824, 2031, 1947, 1022, 3967, 2230, 
0764, 1398, 0558, 2854, 0688, 1183, 0020, 0575, 4395, 1304, 0204, 0736, 1788, 2057, 4799, 4770, 3475, 1560, 1267, 1028, 0236, 0304, 0332, 1502, 
0764, 1398, 0558, 2854, 0688, 1183, 0020, 0575, 4395, 1304, 0204, 0736, 1788, 2057, 4799, 4770, 4553, 3475, 1560, 0331, 1267, 1028, 0236, 0304, 0332, 1502, 
1968, 0332, 0623, 1250, 0183, 1960, 2067, 1443, 1597, 1788, 2057, 1560, 0671, 1577, 1183, 1022, 3407, 0386, 0318, 3882, 0236, 1028, 4799, 0825, 0777, 0304, 0511, 4770, 0575, 0688, 0020, 0824, 0331, 1024, 2246, 0204, 4247, 1502, 1257, 1607, 
0183, 1028, 2230, 1562, 1443, 1024, 1960, 0584, 0777, 4395, 3239, 2030, 4670, 2303, 0318, 1154, 0386, 3000, 2084, 1022, 0657, 2854, 0825, 0365, 0761, 3240, 0736, 0446, 0204, 1884, 2937, 1804, 3255, 2267, 3243, 1183, 0824, 1788, 2057, 0109, 1502, 1250, 1560, 0020, 0575, 0743, 0764, 0236, 0304, 2930, 1211, 0245, 1267, 2067, 0821, 0511, 4770, 0331, 0416, 0332, 0623, 4799, 1304, 1947, 0344, 1075, 0558, 
4850, 0584, 1597, 2272, 1502, 1075, 1028, 0318, 2030, 0020, 0204, 1443, 1562, 1307, 0331, 0332, 0236, 0304, 0657, 0824, 1022, 1154, 0183, 1250, 0558, 1560, 0439, 0365, 0575, 0109, 0623, 0743, 0821, 1946, 4770, 0736, 1947, 1211, 0245, 2267, 1960, 1260, 
1947, 0236, 0331, 1028, 0304, 0511, 0764, 4770, 0777, 0825, 0365, 1250, 1960, 0657, 0318, 1154, 1804, 2267, 0204, 0761, 0344, 0416, 0818, 1307, 1597, 3475, 1211, 4750, 0558, 1887, 1968, 0446, 0245, 0386, 0020, 0575, 0743, 0821, 2246, 3884, 1022, 2303, 0332, 1924, 2230, 0736, 
0245, 0657, 0386, 1250, 0318, 1028, 2230, 1597, 1024, 0584, 1968, 1960, 1211, 0818, 3000, 2067, 1398, 0821, 2303, 1267, 2246, 0558, 2057, 0183, 2272, 2267, 0824, 0671, 1304, 3124, 0365, 1884, 4770, 0575, 4247, 0825, 0236, 1183, 0332, 0623, 0764, 0304, 0736, 0204, 0688, 3967, 2084, 1577, 0777, 0020, 3356, 0439, 3239, 4677, 4850, 1947, 0416, 0511, 1154, 2030, 1646, 0109, 1607, 0743, 0344, 1562, 3255, 3884, 
3425, 0584, 2030, 0446, 1028, 1960, 4781, 4670, 0318, 1250, 0183, 1211, 1887, 0657, 0671, 1947, 1577, 3407, 1968, 1597, 1307, 0236, 0332, 0304, 0623, 0109, 0416, 0331, 0020, 0575, 0558, 2267, 1502, 0824, 0344, 0511, 0439, 0818, 0777, 0825, 0204, 0365, 1607, 1646, 0736, 0764, 1304, 2246, 2272, 1562, 2303, 0386, 1075, 
1947, 1211, 0245, 0318, 0183, 1887, 0657, 1968, 1597, 1307, 0584, 0446, 0332, 0304, 0623, 0109, 0416, 0331, 1028, 0236, 0439, 2246, 0020, 0575, 0743, 0558, 2267, 0824, 0344, 0671, 0511, 4770, 1154, 0821, 0818, 0777, 0825, 0204, 0365, 1607, 1646, 0736, 1502, 0764, 1960, 1304, 2303, 4670, 1250, 1075, 
0416, 0236, 1443, 1947, 0736, 1024, 0332, 0331, 1028, 0304, 0511, 0764, 0439, 0777, 0825, 1307, 0204, 1597, 1502, 1577, 3407, 1304, 3425, 1257, 0446, 4770, 3697, 2267, 3884, 0657, 0183, 0318, 1788, 2057, 0818, 1968, 0020, 0575, 0558, 
0416, 0236, 1443, 1947, 1028, 0020, 0575, 1307, 1597, 1968, 0818, 0183, 1788, 2057, 0318, 0657, 3884, 1577, 3407, 1304, 3425, 1257, 0446, 2246, 4770, 3697, 1502, 0386, 0204, 1024, 0332, 0331, 0304, 0511, 0764, 0439, 0777, 0825, 0736, 0558, 
0416, 0236, 1947, 0183, 1788, 2057, 1968, 0671, 1304, 1028, 0818, 0318, 0386, 1597, 4781, 1307, 1577, 3407, 3425, 1257, 3884, 0446, 1502, 0657, 0204, 1024, 0332, 0331, 0304, 0511, 0764, 0439, 0777, 0825, 0736, 0020, 0575, 0558, 
1597, 0416, 0236, 4781, 0365, 1577, 3407, 1304, 0657, 0386, 0204, 0446, 1307, 0439, 1028, 1502, 0818, 3884, 0183, 3425, 1257, 0671, 1024, 0332, 0331, 0304, 0511, 0764, 0777, 0825, 0736, 1968, 0020, 0575, 0558, 
0777, 0511, 0764, 0020, 3239, 1028, 1968, 0761, 0671, 0416, 0332, 1502, 1022, 2303, 0821, 0743, 0386, 0236, 0304, 0204, 1304, 0109, 0245, 1154, 1075, 0318, 0824, 2084, 0623, 0818, 1562, 1398, 1597, 4770, 1947, 0825, 0575, 0331, 0584, 
0365, 0204, 0109, 0584, 1154, 0439, 1560, 2246, 0764, 0304, 3007, 0020, 0575, 1183, 0825, 1968, 1028, 4677, 1250, 0183, 0416, 0331, 0236, 2267, 4553, 1960, 0318, 2030, 1398, 0332, 3882, 0558, 0777, 1304, 0386, 1597, 3243, 0245, 0818, 0671, 1024, 2937, 0511, 1562, 3407, 1577, 1257, 1443, 3425, 0824, 4706, 2084, 2230, 4770, 1607, 0688, 1267, 1307, 2854, 1502, 3154, 4247, 
1028, 0764, 1924, 2267, 0558, 0344, 0204, 1884, 2185, 1307, 0416, 0332, 0331, 0236, 0304, 0020, 0575, 0743, 0821, 0761, 1154, 0584, 0818, 2246, 0824, 0318, 0736, 1211, 1075, 0245, 4799, 4770, 0671, 1947, 0446, 1597, 
0818, 1028, 1884, 1075, 1211, 1307, 0743, 0204, 1607, 2030, 1968, 1154, 2267, 0245, 1502, 1947, 0236, 0344, 1960, 0416, 0446, 1213, 4799, 4770, 2185, 1788, 2057, 0183, 0558, 0671, 0020, 0575, 0304, 0764, 0331, 
0671, 1028, 1154, 1887, 1075, 0446, 0204, 0824, 0332, 0331, 0304, 0764, 1502, 0761, 0736, 0821, 0236, 0020, 0575, 0743, 1211, 1947, 0439, 1022, 1213, 0245, 0657, 0558, 0365, 3007, 2267, 3884, 1968, 1304, 4677, 
1022, 3007, 1304, 0671, 0331, 1028, 0304, 0764, 3475, 1887, 1502, 2067, 0761, 1154, 0736, 0439, 0020, 0743, 0236, 2267, 0204, 0821, 2230, 1947, 0657, 0245, 4799, 
1028, 0344, 0511, 0558, 1267, 4770, 0736, 0825, 1154, 0688, 1183, 0020, 0575, 0743, 0821, 0777, 1947, 0304, 0824, 0416, 0332, 0331, 0236, 1960, 0764, 0204, 0761, 1211, 0245, 1502, 
2267, 1250, 0183, 1560, 0365, 0511, 0439, 2854, 0204, 0671, 1022, 0736, 1267, 0020, 0575, 0743, 0764, 0825, 1947, 0304, 1028, 0416, 0332, 0331, 0236, 0318, 0824, 4706, 1960, 3007, 0558, 4670, 0584, 4667, 0818, 3697, 1502, 1607, 2230, 2067, 0777, 1154, 0821, 0761, 3154, 1968, 1211, 0245, 0688, 1257, 3675, 2303, 1304, 2084, 1075, 1398, 2030, 
0204, 1022, 0688, 2246, 0777, 0020, 0575, 1075, 0318, 0416, 1028, 1960, 4799, 1024, 0109, 2067, 1502, 0558, 0511, 4770, 0365, 3963, 3425, 1304, 1257, 3407, 1577, 0736, 0332, 0331, 0236, 0183, 1250, 0825, 0304, 1398, 1968, 0764, 0584, 
0344, 0764, 0777, 2067, 0318, 0623, 0331, 0204, 0365, 0688, 1183, 1028, 0236, 0304, 0825, 0818, 1924, 0575, 0743, 1947, 0511, 0439, 4770, 0824, 0821, 0761, 1607, 3470, 1960, 1560, 0245, 1267, 0736, 0416, 0332, 1154, 0020, 1213, 0558, 