
1260, 1960, 0020, 0657, 0558, 2930, 1502, 0743, 0764, 0416, 0332, 0318, 0236, 3239, 0304, 0584, 1597, 1028, 0818, 1398, 1024, 1947, 2230, 0204, 3124, 0439, 2267, 1022, 1250, 0183, 3882, 0245, 0446, 0824, 0623, 0331, 1562, 0671, 0777, 0511, 2084, 0344, 1304, 2303, 3240, 0109, 0761, 1154, 0825, 
0183, 1250, 1960, 1804, 2246, 1028, 1562, 4395, 2854, 0318, 0416, 0332, 0657, 2084, 2930, 0736, 0584, 2030, 1024, 0365, 1560, 1968, 0777, 3240, 2303, 0821, 2067, 3243, 0204, 0446, 1607, 4799, 4770, 2230, 0331, 0236, 0304, 1657, 0558, 0761, 1154, 1788, 2057, 1267, 2267, 0109, 0825, 0511, 0764, 0020, 0575, 0743, 3777, 1947, 0688, 1183, 3000, 0824, 0623, 
0204, 1960, 2084, 2303, 1560, 1024, 0318, 0657, 2067, 0183, 2267, 0824, 0365, 0671, 1022, 0584, 0761, 1183, 1947, 2854, 1597, 1028, 0304, 1502, 2230, 0764, 2030, 4799, 4770, 1946, 0416, 0331, 0236, 1968, 0020, 0575, 0743, 0825, 1211, 0245, 0623, 2272, 0558, 0777, 0332, 1804, 1250, 1075, 3239, 0821, 0109, 0446, 0511, 0439, 3124, 1154, 1267, 0688, 3243, 1398, 0386, 1607, 
2246, 1607, 0764, 2267, 0584, 1804, 1307, 1028, 1924, 1502, 0020, 0558, 0204, 2230, 3963, 0439, 1154, 0761, 0575, 0743, 0821, 0416, 0332, 0331, 0236, 0304, 0344, 2084, 0818, 2030, 1960, 1597, 1304, 3697, 4799, 4770, 2185, 1075, 1183, 0824, 0736, 0688, 1788, 2057, 1211, 0245, 1884, 4670, 1250, 1947, 0183, 0671, 
0671, 0818, 2303, 2267, 0688, 0584, 1250, 0183, 1211, 0245, 1968, 0318, 0736, 1022, 1257, 2854, 0761, 2030, 0821, 0020, 0575, 0743, 0764, 0825, 3000, 1607, 3239, 1028, 0365, 1947, 1960, 4799, 1024, 4770, 0416, 0332, 0331, 0236, 0304, 0558, 4667, 0386, 1788, 2057, 1946, 3124, 2230, 0824, 0109, 2246, 0777, 2031, 1154, 1267, 0204, 3675, 2084, 1398, 3154, 0511, 0439, 
0365, 3007, 1028, 0204, 1398, 3000, 1887, 0332, 2267, 0109, 1607, 0821, 0761, 2030, 1267, 1154, 2230, 2930, 0318, 1024, 1022, 0824, 3239, 0777, 3124, 1960, 1250, 0183, 0558, 2303, 4667, 0386, 1788, 2057, 1946, 0818, 0416, 0331, 0236, 0304, 4247, 4799, 4770, 1947, 0584, 0020, 0575, 0743, 0764, 0825, 2854, 0736, 1968, 0671, 1211, 0245, 0688, 2067, 2084, 1257, 0657, 1075, 0511, 0439, 1560, 2937, 
0824, 0511, 0439, 0245, 1267, 0575, 0743, 0558, 0204, 0318, 0416, 0332, 0777, 1502, 4770, 0821, 1304, 1028, 1607, 1183, 2230, 2084, 2854, 0331, 3000, 1560, 0818, 1968, 0365, 2030, 0344, 0761, 0236, 0304, 0825, 1947, 0623, 1154, 0688, 0020, 0764, 3475, 
1028, 2030, 1250, 1597, 0821, 4395, 4553, 1960, 2267, 0764, 0304, 0183, 0657, 0109, 0824, 0558, 0584, 1946, 3967, 4799, 1024, 4770, 1804, 3240, 1788, 2057, 2230, 3255, 2272, 0344, 2084, 0416, 0332, 0736, 0386, 0318, 0204, 0511, 0439, 1560, 1304, 3000, 3239, 1562, 0825, 0020, 0575, 0743, 0331, 0236, 1947, 1154, 2067, 1968, 1884, 1607, 0777, 
1028, 2230, 0204, 2067, 0304, 3255, 1213, 0558, 1947, 0416, 0332, 0331, 0236, 0761, 1657, 2854, 1154, 0821, 2267, 0688, 1183, 0318, 0386, 1562, 3000, 1398, 1560, 0020, 0743, 4395, 0777, 0623, 1502, 0511, 4770, 0344, 0825, 1211, 0245, 0764, 0183, 1250, 1024, 1960, 1884, 2185, 4799, 3882, 1924, 0365, 2084, 
2854, 1028, 0558, 1947, 1562, 0761, 0109, 1560, 1960, 0318, 1304, 0365, 4395, 0764, 0304, 0623, 0204, 0183, 0777, 0821, 2230, 1154, 0688, 1183, 0331, 0236, 0511, 4770, 2084, 2303, 0020, 0743, 0245, 1267, 0386, 1133, 0416, 0736, 0344, 1024, 1250, 
2267, 1028, 1304, 0688, 0558, 0416, 0332, 1022, 0245, 1267, 2084, 1960, 0318, 3000, 1024, 0020, 0743, 0764, 0736, 1250, 2230, 3239, 0344, 0331, 0236, 0304, 1133, 0365, 3777, 1804, 4670, 2030, 0511, 4770, 0623, 1154, 0761, 0109, 1560, 1183, 0777, 1884, 0446, 4395, 1947, 0825, 0821, 2303, 0584, 1562, 0824, 2854, 0204, 0386, 
1947, 0736, 1307, 0386, 1024, 1267, 0671, 1028, 1597, 0558, 0446, 2084, 1502, 0416, 0236, 0020, 0575, 0818, 1304, 0332, 0331, 0304, 0511, 0764, 4770, 0777, 0825, 0584, 0183, 1607, 0318, 1960, 1250, 1887, 1968, 0657, 2246, 1577, 3407, 3884, 1562, 1257, 3425, 1183, 0688, 1211, 0245, 
1443, 1028, 1607, 1022, 1250, 0183, 1960, 0558, 1502, 1213, 1887, 0204, 2930, 2067, 3000, 2230, 0332, 2303, 1257, 1577, 3407, 0584, 1968, 4247, 0304, 0236, 1024, 0511, 4770, 1788, 2057, 1597, 0671, 0109, 0331, 0020, 4850, 0777, 3239, 0575, 0688, 4281, 1562, 0825, 1884, 0365, 0446, 2267, 0657, 0318, 0818, 0824, 4667, 3124, 0764, 1398, 0623, 
0446, 2067, 0743, 0657, 0824, 0416, 0332, 0331, 1028, 0236, 0304, 2930, 2230, 0736, 4395, 0318, 1597, 0558, 0365, 0688, 1607, 1562, 1183, 0825, 1884, 0204, 1075, 1211, 2246, 0623, 1154, 1267, 1968, 0761, 0020, 1304, 0575, 1560, 0511, 0439, 0821, 0344, 
0743, 0824, 0416, 0332, 0331, 1028, 0236, 0304, 0736, 0204, 0821, 0511, 0439, 0825, 1560, 0575, 1304, 0020, 0761, 0558, 0365, 0688, 0623, 1562, 1183, 1211, 2230, 3000, 0777, 1884, 1022, 0318, 4247, 0446, 1607, 1154, 1267, 1968, 1597, 1024, 2930, 0584, 0344, 1075, 0671, 
0671, 0318, 0344, 0743, 0821, 0511, 0439, 0825, 0575, 1304, 0020, 0761, 1968, 0558, 1267, 1154, 0623, 1607, 2230, 2185, 0204, 1028, 4799, 0446, 1022, 0824, 1211, 1183, 1562, 1597, 0688, 0736, 0416, 0332, 0331, 0236, 0304, 2930, 2067, 
0688, 1947, 0446, 1597, 0204, 1307, 0332, 2246, 1968, 0671, 1028, 2267, 1075, 0558, 1924, 0824, 0584, 3425, 0416, 0020, 1154, 0657, 1804, 1960, 0575, 0743, 0821, 0236, 0318, 1502, 1788, 2057, 0818, 1304, 1024, 1250, 0183, 0736, 1211, 0331, 0304, 0511, 0764, 4770, 0777, 0825, 3884, 
2030, 1804, 1024, 1028, 1075, 0688, 1211, 1947, 2084, 0109, 0331, 4799, 0511, 1884, 1154, 0365, 0558, 1267, 0304, 0236, 3239, 0825, 2230, 1398, 3007, 0245, 1502, 0318, 4770, 0764, 0623, 0332, 0777, 1183, 0761, 1443, 0204, 0446, 2246, 2067, 0824, 2854, 1560, 0344, 1968, 0416, 0818, 0020, 0575, 0743, 0821, 
1960, 1028, 0825, 1562, 0109, 0824, 0332, 0511, 4770, 0236, 0304, 1788, 2057, 0365, 3000, 1024, 0204, 1646, 4706, 0764, 1257, 1577, 0020, 2067, 1968, 3407, 0584, 1250, 0183, 4850, 1022, 1607, 0818, 1884, 3239, 0671, 2267, 0575, 0688, 4281, 0318, 3124, 0623, 1398, 4667, 2230, 4799, 0777, 2030, 1560, 0331, 1443, 
0743, 0511, 1562, 0416, 0332, 0331, 0575, 1022, 0558, 1154, 0020, 4770, 0245, 0109, 1398, 0818, 0825, 0365, 1028, 0777, 1947, 0204, 0236, 0304, 0318, 
0204, 1597, 1502, 1028, 2084, 2267, 1211, 0318, 0761, 1022, 1947, 0020, 0558, 0416, 0332, 0331, 0824, 1562, 3000, 0365, 0657, 0511, 3239, 1398, 0818, 4770, 3240, 0344, 0236, 0825, 1960, 2303, 0304, 1075, 0575, 0109, 2246, 
3000, 1024, 0761, 1028, 0575, 0688, 0332, 0236, 0304, 1597, 4850, 0671, 0824, 4799, 1607, 1968, 0764, 2030, 0584, 3007, 1947, 1960, 0825, 0386, 3124, 1398, 0416, 0511, 0439, 0657, 1502, 0183, 1562, 0736, 0821, 0109, 3967, 1560, 0365, 2267, 0331, 0818, 0204, 0743, 0623, 1211, 0245, 1183, 4281, 2230, 0344, 0777, 0020, 2067, 1250, 1022, 1154, 3239, 1646, 
0344, 1211, 0245, 2267, 4770, 0020, 0575, 0743, 0821, 1947, 1597, 1307, 0736, 4799, 1924, 0416, 1154, 1022, 0304, 1260, 0558, 0318, 0365, 0623, 0331, 1028, 0236, 0761, 2230, 
0344, 1211, 0245, 4770, 2267, 0020, 0575, 0743, 0821, 1947, 1597, 1307, 0736, 4799, 1924, 0416, 1154, 1022, 0304, 1260, 0558, 0318, 0365, 0623, 0331, 1028, 0236, 0761, 0671, 2230, 
0344, 1211, 0245, 4770, 2267, 0020, 0575, 0743, 0821, 1947, 1597, 1307, 0736, 4799, 1924, 0416, 1154, 1022, 0304, 1260, 0558, 0318, 0365, 0623, 0331, 1028, 0236, 0761, 0671, 
0344, 1028, 4770, 0671, 0020, 0575, 0743, 0821, 0736, 0204, 0761, 1307, 0439, 0331, 0236, 4799, 2030, 1260, 0558, 1924, 0416, 1154, 0318, 0304, 0365, 1597, 1607, 1947, 1211, 0245, 
1022, 2067, 0318, 1607, 0688, 1211, 0584, 1183, 0204, 1075, 0558, 0446, 0332, 1267, 0365, 1304, 0623, 0818, 0020, 0575, 0743, 0821, 0824, 0439, 0777, 0304, 0236, 1028, 4706, 0764, 2230, 0761, 2854, 0671, 1968, 1924, 0331, 1154, 1947, 1502, 0416, 2930, 1133, 4395, 
2230, 0365, 1211, 0318, 2854, 1947, 1154, 0761, 1924, 0344, 0657, 2930, 2067, 4395, 0764, 1267, 0824, 4770, 0825, 0736, 1502, 0558, 0688, 1183, 1028, 1887, 0446, 0439, 0204, 0020, 0575, 0743, 0821, 1304, 1022, 1960, 0416, 0332, 0236, 0304, 3884, 1607, 0331, 
0688, 1183, 1560, 0764, 1028, 0236, 0304, 0416, 0332, 0331, 0204, 0761, 4395, 0818, 1968, 0020, 1607, 0183, 0245, 2067, 1947, 0824, 0821, 1502, 1250, 1024, 1960, 1022, 0511, 4770, 0318, 3777, 1154, 0777, 0575, 0743, 2267, 1267, 1924, 2230, 3967, 0825, 0736, 0558, 4799, 1884, 1211, 
1211, 1502, 0821, 1267, 2246, 0439, 0777, 1183, 1560, 1947, 0688, 0558, 1924, 0764, 0824, 4770, 0020, 0575, 0743, 0736, 1154, 0761, 0304, 0236, 0204, 1028, 4706, 0332, 0331, 2854, 0416, 1960, 2230, 0318, 3475, 1022, 0365, 2267, 3963, 
0558, 0344, 1154, 0204, 0761, 0511, 4770, 2067, 0331, 1968, 0743, 1560, 1022, 0304, 0245, 0764, 1502, 0818, 1211, 1924, 0416, 0332, 0439, 0020, 0575, 0736, 0777, 1028, 0236, 0821, 0825, 0671, 1260, 2230, 1267, 0824, 1947, 
0446, 1968, 2267, 1028, 0584, 2230, 0344, 0623, 4677, 1307, 0821, 0764, 0332, 0331, 0236, 0304, 0736, 0511, 4770, 1154, 0558, 0204, 0761, 0020, 0575, 0743, 2185, 0818, 0777, 0825, 0416, 1211, 0245, 1947, 1597, 1924, 
1024, 1560, 0777, 0584, 2854, 0761, 0204, 0736, 3000, 0318, 1022, 1502, 3243, 1028, 1607, 4670, 4799, 4770, 3255, 2267, 2303, 0365, 1960, 0183, 1250, 0671, 1304, 0764, 0304, 0623, 3777, 1804, 0824, 1788, 2057, 0109, 0821, 0511, 0439, 3240, 0020, 0575, 0743, 2930, 0245, 1267, 2067, 0236, 1562, 0416, 0332, 2084, 0657, 3882, 0386, 0331, 2230, 0688, 1183, 2937, 2030, 1947, 0344, 0558, 0825, 1154, 4395, 1443, 
1960, 1024, 1804, 1250, 0318, 0183, 1028, 2267, 0761, 2084, 1946, 0736, 0109, 0511, 0439, 2030, 0824, 3239, 3000, 0332, 0688, 1183, 0020, 0575, 0743, 0764, 0236, 0304, 0365, 0344, 4799, 1884, 4770, 0825, 1304, 1607, 0245, 0623, 1947, 0386, 2230, 0657, 3243, 0331, 0777, 0204, 0416, 1562, 2303, 1211, 0821, 4395, 3777, 1968, 2246, 1154, 4850, 1022, 1597, 0584, 1788, 2057, 
1960, 0575, 0688, 3000, 0671, 3239, 0777, 0657, 1304, 0825, 1028, 3475, 1213, 1887, 0204, 0332, 0020, 0331, 0109, 2303, 1024, 1788, 2057, 0511, 4770, 0236, 0304, 0824, 1562, 1968, 0584, 3407, 1577, 1257, 1884, 4799, 0365, 0439, 2267, 3124, 4667, 0818, 0318, 1250, 0623, 1443, 0183, 2031, 2030, 1022, 0446, 1597, 
1947, 1211, 0245, 1960, 1968, 0736, 1646, 1597, 1804, 1028, 0318, 1307, 0332, 0304, 1502, 2084, 0109, 1024, 0416, 0331, 0236, 0020, 0575, 0743, 0558, 1250, 0183, 0671, 2267, 0824, 4770, 4799, 2030, 0344, 0386, 1075, 0365, 2246, 3239, 0446, 0204, 1884, 0511, 1154, 0818, 1183, 0777, 0825, 0439, 3255, 0764, 
1947, 1211, 0245, 0511, 4770, 1154, 1884, 4799, 0204, 0318, 0365, 3255, 1960, 1024, 1028, 0183, 0439, 0777, 0825, 2030, 1183, 0818, 1968, 0736, 1646, 1597, 1804, 1307, 0332, 0304, 1502, 0623, 2084, 0109, 0416, 0331, 0236, 0020, 0575, 0743, 0558, 1250, 0824, 0344, 0386, 1657, 1075, 2246, 3239, 0446, 2272, 0764, 
1887, 0558, 1960, 1024, 2272, 0318, 0183, 1250, 1028, 2030, 1022, 3000, 0204, 1304, 0824, 2930, 1562, 3243, 4553, 0657, 2267, 0736, 3007, 2854, 0818, 0821, 0761, 1267, 1154, 2230, 2303, 1075, 4799, 0777, 4770, 0416, 0332, 0331, 0236, 0304, 2084, 1946, 1788, 2057, 0386, 1947, 0584, 1607, 0020, 0575, 0743, 0764, 0825, 1502, 3239, 0365, 1968, 1211, 0245, 0688, 1804, 0511, 0439, 0109, 2937, 3124, 
0204, 1960, 0109, 0020, 2067, 0318, 0331, 4850, 3000, 0657, 0777, 0671, 0825, 0623, 1250, 2031, 1884, 1028, 2230, 4770, 4799, 2303, 1022, 0183, 1607, 3239, 0764, 0304, 0236, 0736, 4706, 0824, 0365, 2030, 0439, 0818, 1887, 4667, 1443, 1562, 0688, 4281, 0332, 1257, 1577, 1968, 1646, 1024, 1788, 2057, 0511, 1154, 3407, 0584, 
0204, 1250, 1960, 2030, 1028, 2854, 4247, 0657, 1946, 0825, 0821, 0183, 0824, 0584, 1560, 0109, 1947, 1154, 0318, 0304, 4706, 0236, 0365, 2230, 2084, 1024, 0416, 0332, 4799, 4770, 1884, 1804, 0736, 3239, 1788, 2057, 0245, 0020, 0575, 0743, 3243, 0511, 0439, 1075, 0331, 0344, 1597, 2267, 0777, 0446, 4677, 1304, 2272, 2246, 3255, 0764, 0623, 4395, 
4395, 3255, 2267, 0318, 1028, 0824, 1804, 0657, 4247, 1960, 0558, 1024, 0671, 4982, 3000, 0821, 0183, 1250, 1947, 1560, 2030, 0332, 0736, 2084, 0584, 4799, 0109, 4770, 3239, 0825, 0416, 2303, 2272, 0688, 1884, 0365, 1213, 1887, 1597, 0236, 0020, 0575, 0743, 2230, 1154, 1946, 0245, 3243, 2246, 2854, 1304, 0344, 0331, 0304, 0511, 0439, 0446, 0204, 1788, 2057, 0386, 1398, 0764, 0623, 0777, 
0777, 1154, 2267, 1562, 1443, 4395, 0183, 0558, 0824, 0657, 1024, 0584, 0825, 0204, 1947, 1028, 0761, 0736, 1960, 0318, 0365, 1250, 1398, 1804, 2031, 2937, 1884, 2030, 1788, 2057, 1607, 1183, 4553, 3243, 4799, 4770, 1304, 3239, 2303, 0671, 0331, 0236, 0304, 0764, 0623, 0416, 0332, 2084, 0821, 2230, 0245, 1267, 2930, 2067, 3963, 0020, 0575, 0743, 0511, 0439, 4982, 0109, 0386, 3255, 1502, 0344, 4670, 1022, 
1028, 0761, 0344, 0818, 1307, 0183, 1788, 2057, 1924, 0657, 0743, 0821, 1607, 2030, 0332, 0331, 0236, 0304, 0584, 1075, 0204, 0446, 1887, 1884, 2185, 4799, 4770, 0416, 0558, 1947, 0020, 0575, 1502, 4395, 1211, 2930, 0736, 0245, 1968, 1154, 
0657, 0657, 0318, 0365, 1022, 4850, 1250, 0386, 1304, 1947, 0245, 1028, 0332, 0183, 0020, 0736, 2267, 1502, 1960, 4799, 1024, 1788, 2057, 1946, 0824, 1968, 1804, 0575, 0743, 0821, 0331, 0236, 0304, 0623, 1562, 2246, 1607, 0558, 0584, 1154, 0204, 1307, 2030, 1884, 2084, 3239, 1260, 
0825, 1562, 1183, 0671, 4850, 3239, 0777, 1257, 1577, 3000, 3407, 0584, 0304, 0236, 0332, 0511, 4770, 1597, 1607, 1788, 2057, 1024, 0204, 1646, 1968, 1960, 0109, 0020, 1028, 0331, 1250, 0183, 2303, 0575, 0688, 4281, 1443, 2267, 1884, 1022, 1502, 0764, 4706, 0824, 0818, 0318, 4799, 0365, 1398, 3124, 4667, 0623, 
3882, 1562, 1028, 1884, 4799, 4770, 0365, 0824, 4395, 1267, 4982, 0511, 0439, 1947, 0318, 0688, 1183, 3000, 1154, 0236, 0183, 3243, 1560, 0416, 0332, 2084, 0020, 0575, 0743, 0764, 0736, 0558, 0331, 0304, 0818, 0777, 1211, 0245, 0446, 0825, 0761, 3154, 1960, 1250, 1022, 0821, 0623, 0344, 
0109, 1028, 0365, 0204, 1022, 0386, 0446, 2267, 2303, 0318, 1502, 0824, 2067, 1560, 1267, 0761, 1183, 0825, 1211, 0245, 0558, 0821, 1250, 0183, 2084, 0332, 1398, 2230, 0623, 0777, 3243, 0416, 0331, 0236, 0304, 0584, 1307, 1960, 4799, 1024, 4770, 1597, 1304, 1947, 1154, 0020, 0575, 0743, 0764, 0439, 2854, 1607, 3239, 3154, 0511, 1946, 1968, 3000, 
0109, 0204, 0764, 0304, 0818, 0761, 1788, 2057, 0183, 2303, 2230, 1267, 1028, 1887, 3000, 2084, 0318, 1154, 0736, 1968, 0020, 0575, 0743, 0825, 1211, 0245, 1946, 0821, 0671, 0657, 2067, 2854, 0416, 0331, 0236, 0332, 0777, 0824, 4799, 1024, 4770, 2267, 1960, 4670, 4395, 0558, 1560, 3124, 3255, 1250, 1947, 0511, 0439, 0365, 4677, 1183, 1443, 1133, 0584, 4247, 0446, 
1560, 0109, 2084, 1597, 0204, 1267, 3000, 4677, 0236, 0365, 0824, 0304, 4706, 1028, 1804, 1024, 1947, 1960, 0318, 0671, 0558, 1788, 2057, 0183, 2031, 4670, 0511, 0439, 1502, 0688, 2067, 0386, 0657, 0777, 0332, 0416, 0331, 2854, 3124, 3255, 1250, 2230, 4799, 4770, 0821, 2303, 4395, 1607, 1183, 1211, 0245, 0020, 0575, 0743, 0764, 0825, 1968, 0736, 1154, 1443, 1133, 2267, 0584, 0761, 0818, 
0511, 0439, 1502, 0671, 2854, 0204, 1154, 0688, 2030, 0365, 0558, 0446, 0821, 0764, 0304, 4395, 0777, 2246, 2303, 0020, 0575, 0743, 0416, 0332, 0331, 1028, 0236, 1562, 2230, 1398, 2067, 0623, 0386, 1211, 0245, 0657, 0825, 1022, 0736, 1560, 0318, 1947, 1267, 2267, 4770, 0109, 4706, 1183, 0824, 3000, 0761, 1960, 1968, 
1968, 1022, 1028, 0446, 0511, 0439, 2854, 2067, 0204, 0109, 1154, 0688, 2030, 0365, 0558, 1502, 0821, 0777, 0416, 0332, 0331, 0236, 0304, 0020, 0575, 0743, 0764, 1562, 2246, 0825, 0623, 1211, 0245, 0736, 1947, 1267, 1183, 0824, 4395, 1304, 0761, 0318, 
1947, 0671, 0764, 1028, 0688, 0318, 1968, 0818, 0416, 0332, 0331, 0236, 0304, 1924, 0020, 0575, 0743, 0821, 4799, 4770, 0183, 4670, 0344, 0204, 1304, 1154, 1267, 0736, 0365, 3884, 2246, 1211, 0245, 
3000, 2937, 1398, 2272, 2267, 0318, 3239, 0204, 1022, 1028, 2303, 1183, 1502, 4799, 4770, 1560, 1562, 1946, 0657, 0671, 0439, 3243, 1260, 0558, 1960, 0332, 0446, 2230, 0304, 1597, 1024, 0824, 0183, 1250, 0236, 2854, 1968, 1788, 2057, 1607, 0623, 5379, 1884, 0386, 0416, 4850, 0020, 0575, 0365, 0584, 0777, 3425, 1804, 2030, 1075, 3255, 0688, 0825, 0736, 1154, 0764, 0331, 2084, 1257, 1577, 3407, 0109, 4247, 0511, 
0109, 1398, 0824, 0204, 1028, 2230, 2854, 1260, 0688, 3000, 1183, 0623, 0657, 0558, 1960, 0671, 0761, 0821, 1154, 1562, 1657, 1213, 2303, 0584, 1597, 1502, 2084, 0777, 2267, 0183, 1250, 4770, 0318, 0736, 1267, 0020, 0575, 0743, 0764, 1022, 1607, 4799, 1024, 0365, 0825, 1211, 0245, 0304, 0386, 0416, 0332, 0331, 0236, 3882, 1968, 0511, 0439, 1560, 0818, 0446, 1947, 
1028, 0824, 0558, 0671, 0204, 2303, 1947, 0736, 1267, 0020, 0575, 0743, 0764, 0183, 1250, 1022, 1607, 0825, 1211, 0245, 0365, 0777, 0511, 0439, 1562, 1657, 1213, 3000, 2267, 1960, 0584, 1502, 0416, 0332, 0331, 0236, 0304, 1154, 0761, 2854, 0821, 0623, 1577, 4799, 1024, 0318, 0446, 3240, 2084, 1560, 1183, 1398, 1968, 1260, 0109, 
2067, 0824, 1968, 1502, 2854, 1398, 0671, 1028, 1183, 0365, 1560, 2084, 3240, 1562, 1657, 1213, 3000, 2267, 0304, 0623, 0761, 0821, 1154, 1960, 0183, 1250, 0584, 0416, 0332, 0331, 0236, 0558, 0318, 0446, 0511, 0439, 0777, 0204, 0825, 1211, 0245, 1022, 1607, 0020, 0575, 0743, 0764, 0736, 1267, 1947, 2303, 0688, 1260, 0109, 
1804, 1024, 0318, 1788, 2057, 0183, 2230, 2246, 0584, 1960, 4750, 0109, 1947, 0761, 1597, 0623, 1304, 0671, 0331, 1028, 0236, 0304, 4799, 4770, 2030, 0736, 0416, 0332, 0657, 2303, 1502, 0020, 0575, 0764, 0245, 1562, 0511, 0439, 0344, 0365, 4982, 1607, 0558, 1968, 1884, 0824, 1154, 1250, 0825, 0204, 0821, 0446, 4395, 0777, 2084, 
1250, 0183, 2267, 4667, 0109, 1887, 1560, 1022, 1968, 0204, 1443, 0761, 3154, 3124, 0821, 1267, 1154, 2067, 0318, 0584, 1028, 0416, 0332, 0331, 0236, 0304, 0824, 0764, 0657, 1075, 0558, 1213, 2303, 4281, 2084, 3697, 1960, 3007, 1607, 1502, 0777, 1947, 2930, 0020, 0575, 0743, 0825, 1211, 0245, 0736, 2854, 0688, 0365, 0511, 0439, 4706, 1024, 0818, 3243, 1398, 4799, 3425, 0671, 
0511, 0416, 0332, 0331, 0204, 1562, 0824, 0318, 0818, 0761, 0623, 1022, 1028, 0109, 0825, 1075, 0365, 0821, 0777, 1947, 0575, 0020, 0743, 0344, 0764, 0236, 0304, 1398, 
0511, 0416, 0332, 0331, 0204, 1562, 0824, 0318, 0818, 0761, 0623, 1022, 0109, 0825, 1947, 1028, 0777, 0821, 0365, 1075, 0020, 0575, 3239, 2084, 0743, 0344, 0764, 1304, 0236, 0304, 1398, 
0511, 0416, 0332, 0331, 0204, 1562, 0824, 0318, 0818, 0761, 0623, 1022, 0109, 0825, 3239, 1968, 1947, 1028, 0821, 1154, 0777, 0365, 1075, 0020, 0575, 0386, 2084, 0743, 0245, 0344, 0764, 1304, 0236, 0304, 1398, 
0511, 0416, 0332, 0331, 0204, 1562, 0824, 0318, 0818, 0761, 0623, 1075, 1022, 1028, 0109, 0825, 0365, 0821, 0777, 1947, 0575, 0020, 0743, 0245, 0344, 0764, 2303, 2230, 0236, 0304, 1398, 
0511, 0416, 0332, 0331, 0204, 1562, 0824, 0318, 0818, 0761, 0623, 1022, 1028, 0109, 0825, 1075, 0365, 0821, 0777, 1947, 0575, 0020, 0743, 2230, 0344, 0764, 0236, 0304, 1398, 
0511, 1028, 1968, 1502, 0671, 1075, 0764, 0109, 0825, 0743, 0204, 0575, 0020, 0558, 3239, 0821, 1154, 1947, 2230, 0777, 1022, 0824, 0761, 0623, 0236, 0304, 0416, 0332, 0331, 1562, 0318, 0818, 2084, 1398, 1213, 5379, 
0511, 0416, 0332, 0331, 0204, 1562, 0824, 0318, 0818, 0761, 0623, 1022, 1028, 0109, 0825, 1075, 0365, 0821, 0777, 1968, 1947, 0575, 0020, 2930, 0743, 0245, 0344, 0764, 3239, 0236, 0304, 1398, 
0511, 1968, 1022, 3239, 1075, 1028, 0777, 2230, 1947, 1154, 0821, 0558, 0020, 0575, 0204, 0743, 0825, 0109, 0344, 0764, 3255, 0824, 0761, 0623, 0236, 0304, 0416, 0332, 0331, 1562, 0318, 0818, 2084, 0671, 1398, 
0511, 0416, 0332, 0331, 0204, 1562, 0824, 0318, 0818, 0761, 0623, 1022, 0109, 0825, 1075, 1028, 0821, 0777, 1947, 3239, 0020, 0575, 0344, 0764, 1304, 0236, 0304, 1398, 
0511, 0416, 0332, 0331, 0204, 1562, 0824, 0318, 0818, 0761, 0623, 1022, 0109, 0825, 1075, 1028, 0821, 0777, 1947, 3239, 0020, 0575, 0344, 0764, 1304, 0236, 0304, 1398, 
0511, 0416, 0332, 0331, 0204, 1562, 0824, 0318, 0818, 0761, 0623, 1022, 1028, 0109, 0825, 1075, 0365, 0821, 0777, 1947, 1304, 0575, 0020, 0743, 2246, 0344, 0764, 3239, 2230, 0236, 0304, 1398, 
1250, 0183, 2267, 0386, 1028, 0511, 0439, 4247, 0824, 0688, 1211, 0245, 0365, 1024, 1960, 0318, 1788, 2057, 0761, 4395, 1947, 2854, 3239, 1502, 4799, 4770, 2084, 1607, 0416, 0331, 0236, 0304, 0558, 2067, 0825, 0020, 0575, 0743, 0764, 0777, 2030, 0584, 3007, 0109, 1968, 1154, 1267, 0204, 1560, 0818, 1398, 1075, 0821, 3000, 4667, 0332, 1946, 4706, 2303, 2230, 
1022, 0821, 0558, 3000, 4667, 0332, 1028, 1597, 1960, 2303, 2230, 0318, 1250, 0183, 0386, 2031, 0818, 1887, 0824, 0688, 2854, 0584, 1024, 3124, 0657, 3239, 1267, 1154, 1968, 3007, 0109, 4247, 0761, 0416, 0331, 0236, 0304, 4799, 4770, 1788, 2057, 2084, 1607, 1947, 0825, 0020, 0575, 0743, 0764, 0777, 0365, 1211, 0245, 0204, 1560, 2267, 0511, 0439, 1398, 1075, 
2246, 0446, 2303, 0204, 1560, 0109, 1960, 1804, 1398, 0824, 1250, 1267, 1154, 0511, 0439, 1443, 1028, 2030, 0183, 0761, 1947, 0318, 0386, 0821, 2854, 1607, 2937, 0020, 0575, 0743, 0764, 0825, 1211, 0245, 0818, 1024, 0416, 0331, 0236, 0304, 2267, 0777, 0365, 1946, 2230, 1502, 1788, 2057, 2031, 1968, 2067, 3000, 3255, 4799, 4770, 0558, 2084, 0332, 3007, 1183, 1304, 0688, 3243, 4395, 
0344, 1968, 0818, 0318, 1560, 2937, 3007, 1024, 1250, 0183, 1211, 0245, 0824, 0204, 1947, 1022, 2230, 0416, 0332, 0331, 1028, 0236, 0304, 0821, 0558, 1946, 1398, 3882, 0671, 0657, 0365, 3675, 1502, 0764, 3154, 2303, 0584, 1154, 1960, 0109, 1607, 4770, 2854, 0020, 0575, 0743, 2030, 0761, 2267, 0688, 2084, 4670, 0777, 
0318, 0183, 2030, 1028, 1960, 0584, 0204, 4799, 2246, 0657, 1304, 0824, 1250, 2230, 1804, 2303, 2272, 1075, 1024, 1211, 0245, 3000, 0446, 1022, 2084, 1788, 2057, 0386, 2267, 0332, 0688, 1183, 2937, 3884, 4770, 3239, 0511, 0575, 0743, 0821, 0558, 1560, 1946, 0623, 1884, 1968, 3243, 3967, 1257, 1562, 0331, 0236, 0304, 0020, 1307, 4982, 0736, 1947, 1502, 0777, 0365, 0671, 1597, 1607, 0825, 1260, 
0331, 1028, 0236, 0304, 5379, 1154, 0657, 3963, 2084, 0688, 1183, 4850, 0575, 2303, 2930, 0743, 0332, 3239, 1502, 1657, 3675, 2267, 0736, 1597, 0318, 0818, 0204, 0764, 1075, 1968, 1024, 0623, 0824, 0825, 0511, 4770, 1211, 1562, 1398, 0020, 1947, 5029, 0558, 0109, 0671, 0777, 0365, 
1024, 0332, 2067, 0825, 0824, 0821, 0623, 0204, 0318, 1022, 0511, 4770, 0761, 1250, 1028, 1884, 0575, 1211, 0245, 2303, 1075, 1183, 1260, 1213, 0344, 0365, 1960, 0183, 1304, 1562, 0109, 0743, 0020, 1607, 0688, 1946, 0558, 1804, 3255, 2084, 0777, 4677, 0304, 0446, 1947, 1968, 0236, 2854, 0416, 0331, 
1024, 0332, 2067, 0825, 0824, 0821, 0623, 0204, 0318, 2084, 1028, 1960, 1804, 3255, 0558, 1946, 0688, 1183, 1607, 0743, 0020, 1211, 0245, 1022, 1250, 0183, 1562, 0344, 0365, 1304, 1260, 1213, 1075, 2303, 0109, 0575, 1884, 0761, 0511, 4770, 0777, 4677, 0304, 0446, 1947, 1968, 0236, 2854, 0416, 0331, 
0331, 0109, 1960, 1028, 0671, 2303, 0204, 1024, 1788, 2057, 3000, 0446, 0332, 0511, 4770, 0236, 0304, 2031, 1968, 0584, 3407, 1577, 1257, 2067, 0657, 1562, 1502, 0825, 0183, 0365, 2272, 0439, 0818, 2267, 4667, 3124, 0623, 0764, 1607, 0318, 0824, 1250, 1443, 1022, 1304, 4799, 1884, 0575, 0688, 4281, 3239, 0777, 4850, 0020, 
0386, 3000, 1960, 1024, 1502, 0657, 2854, 0584, 3239, 0825, 2030, 0318, 0365, 2303, 1028, 0558, 0183, 1250, 0764, 0304, 0623, 1304, 2084, 1804, 4670, 1183, 1213, 3243, 1884, 0824, 1788, 2057, 0109, 0331, 0236, 0511, 4770, 0821, 2067, 2267, 1211, 0245, 1267, 2930, 0204, 0020, 0575, 0743, 1560, 2230, 0416, 0332, 1562, 4799, 1075, 1947, 0344, 3255, 2937, 0446, 3777, 0736, 0761, 3240, 1022, 1154, 4395, 0777, 
0183, 1022, 0764, 0304, 0623, 1250, 2230, 1028, 1024, 0657, 2084, 3255, 2267, 2030, 1075, 1960, 0365, 4799, 4770, 2303, 0584, 0821, 0416, 0332, 3239, 1560, 0331, 0236, 1562, 0318, 0204, 1804, 2930, 0245, 1267, 2067, 0020, 0575, 0743, 0511, 0439, 4553, 0824, 0109, 1788, 2057, 1183, 2854, 0736, 0761, 0777, 4395, 1154, 
1947, 0824, 0318, 1960, 1028, 1577, 0821, 2303, 0446, 0657, 2272, 1024, 2267, 1788, 0183, 0584, 0236, 0304, 1154, 0558, 2246, 4770, 0818, 2084, 0332, 3000, 1257, 2030, 0671, 1211, 2067, 4799, 1250, 0777, 1022, 1607, 3239, 0204, 0761, 0344, 0020, 0386, 1562, 4395, 0365, 0416, 0511, 0439, 1597, 1502, 0109, 0575, 3356, 1304, 1183, 3967, 1884, 0331, 1398, 0688, 0245, 0825, 1968, 4850, 0623, 1560, 3124, 0743, 
1250, 0183, 1022, 0824, 0204, 1398, 1028, 0365, 0764, 0304, 4706, 0236, 0511, 0688, 0584, 0657, 2854, 1947, 3000, 1267, 1211, 0245, 2230, 0386, 0821, 1502, 3124, 2067, 0332, 0558, 1960, 4799, 1024, 4770, 1788, 2057, 1946, 1607, 1560, 1887, 4247, 0318, 4667, 0416, 0331, 2084, 3007, 0020, 0575, 0743, 1154, 0736, 1968, 0761, 1183, 2303, 0671, 1213, 2937, 0109, 2267, 
1250, 0183, 2267, 0824, 0109, 2937, 0318, 4667, 1022, 0204, 0236, 0365, 0764, 0304, 4706, 1028, 2067, 0511, 0688, 0584, 0657, 1947, 3000, 0761, 1968, 0736, 1607, 2303, 1154, 1597, 0020, 0575, 0743, 1960, 1024, 2084, 0332, 3007, 0416, 0331, 1560, 2230, 1887, 0558, 3124, 1946, 4799, 4770, 1788, 2057, 0439, 0821, 0386, 1211, 0245, 1267, 2854, 0671, 1398, 
1250, 0183, 1022, 0824, 0584, 0204, 1398, 0236, 0365, 0764, 0304, 4706, 1028, 2067, 0671, 2854, 4770, 0318, 1183, 0761, 1968, 0736, 1607, 2303, 1154, 0446, 1597, 0020, 0575, 0743, 1960, 1024, 2084, 0332, 3007, 0416, 0331, 4667, 1560, 2230, 0558, 3124, 1946, 4799, 1788, 2057, 0821, 0386, 1211, 0245, 1267, 2267, 3000, 1947, 0657, 0688, 0511, 2937, 0109, 1887, 
1250, 0183, 1022, 0824, 0584, 0204, 1398, 0236, 0365, 0764, 0304, 4706, 1028, 2067, 0671, 2854, 4770, 0318, 1183, 0761, 1968, 0736, 1607, 2303, 1154, 0446, 1597, 0020, 0575, 0743, 1960, 1024, 2084, 0332, 3007, 0416, 0331, 4667, 1560, 2230, 0558, 3124, 1946, 4799, 1788, 2057, 0821, 0386, 1211, 0245, 1267, 2267, 3000, 1947, 0657, 0688, 0511, 4395, 2937, 0109, 1887, 
1250, 0183, 1022, 0824, 0584, 0204, 0318, 4667, 0236, 0365, 0764, 0304, 4706, 1028, 2067, 0671, 3000, 2854, 2267, 1267, 1211, 0245, 2230, 0386, 0821, 0439, 1960, 4799, 1024, 4770, 1788, 2057, 1946, 3124, 0332, 0558, 1607, 4247, 1560, 0331, 2084, 0416, 3007, 0020, 0575, 0743, 1597, 1154, 2303, 0736, 1968, 0761, 1183, 1947, 0657, 0688, 0511, 1398, 2937, 0109, 1887, 
1250, 0183, 1022, 0824, 1398, 2067, 0671, 0584, 2854, 0204, 1560, 2303, 3000, 0818, 1028, 1947, 1960, 1502, 1075, 3240, 1267, 1213, 1608, 1211, 0245, 2267, 1597, 0821, 0332, 0318, 0558, 0304, 0020, 0575, 0743, 0764, 1946, 1024, 2084, 0365, 1607, 4799, 4770, 1788, 2057, 0416, 0331, 0236, 3007, 1154, 0386, 0761, 0736, 1968, 0688, 0657, 2230, 0439, 2937, 0109, 5379, 
1250, 0183, 2267, 0109, 1028, 0818, 2937, 0318, 1022, 0204, 0236, 0365, 0764, 0824, 0304, 4706, 0671, 4770, 0446, 4667, 1947, 1267, 1211, 0245, 0821, 0020, 0575, 0743, 1960, 1024, 2084, 0332, 0416, 0331, 1607, 1560, 1502, 2303, 2030, 3007, 0558, 2067, 3124, 1946, 4799, 1788, 2057, 1154, 0386, 3882, 0761, 0736, 3000, 1968, 2230, 0584, 0657, 0688, 2854, 1075, 1887, 
1250, 0183, 1022, 0824, 0204, 1398, 1028, 0236, 0365, 0764, 0304, 4706, 0511, 0688, 0584, 0657, 2854, 4770, 2303, 0318, 1267, 1211, 0245, 2230, 0386, 0821, 1502, 3124, 2067, 0332, 0558, 1607, 1946, 1560, 1960, 4247, 4799, 1024, 1788, 2057, 4667, 0416, 0331, 2084, 3007, 0020, 0575, 0743, 1154, 0736, 1968, 0761, 1183, 3000, 1947, 1213, 2937, 0109, 1887, 2267, 
1250, 0183, 1022, 0824, 0204, 1398, 1213, 2067, 1028, 1788, 2057, 0657, 1947, 3000, 1267, 1211, 0245, 2230, 0386, 0821, 0439, 1502, 3124, 0304, 0332, 0764, 0558, 1607, 1946, 4247, 1960, 1560, 0318, 4799, 1024, 4770, 0365, 0416, 0331, 0236, 2084, 3007, 0020, 0575, 0743, 1597, 1154, 0736, 1968, 0761, 1183, 2303, 2854, 0688, 0584, 0511, 4706, 4667, 2937, 0109, 1887, 2267, 
1250, 0183, 2267, 1887, 0109, 2937, 0204, 0236, 0365, 0764, 0824, 0304, 4706, 1028, 2067, 4667, 2030, 0688, 0584, 4770, 2303, 1267, 1211, 0245, 2230, 0386, 0821, 0318, 3475, 1213, 3124, 0332, 1607, 1960, 1560, 1946, 4799, 1024, 1788, 2057, 0558, 0416, 0331, 2084, 3007, 0020, 0575, 0743, 1597, 1154, 0736, 1968, 0761, 1183, 3000, 1947, 2854, 0657, 0671, 1398, 1022, 
1250, 0183, 2267, 1024, 0109, 2937, 0318, 2303, 1028, 0204, 0671, 0511, 0439, 1560, 1960, 0331, 1968, 0736, 0761, 1267, 0657, 0821, 2067, 0332, 1887, 0416, 0236, 0304, 1607, 2084, 0764, 0558, 1502, 0365, 0824, 2230, 4667, 3007, 1075, 1946, 4799, 4770, 1788, 2057, 0020, 0575, 0743, 1211, 0245, 1154, 3154, 3243, 1947, 1183, 0446, 0688, 0584, 2854, 2246, 2030, 1022, 4706, 1398, 
0183, 0204, 2937, 2267, 0318, 1024, 0236, 0304, 2303, 1028, 0824, 1502, 2230, 3243, 0623, 1022, 1946, 2030, 1960, 1804, 0777, 0761, 0558, 0386, 1947, 0344, 1884, 4770, 0245, 0109, 0736, 0416, 0332, 0511, 0439, 4799, 0657, 3777, 0825, 2084, 1304, 0821, 0331, 0020, 0575, 0743, 0764, 0688, 1183, 4395, 1788, 2057, 1968, 1597, 0584, 1213, 3000, 2272, 1250, 4247, 1562, 
0204, 1028, 2246, 3884, 1022, 0558, 0764, 0511, 4770, 0777, 0825, 0439, 1947, 0236, 2267, 0821, 0020, 0743, 5274, 0344, 3475, 2084, 3007, 0761, 1968, 3470, 1154, 0736, 1211, 0245, 1443, 0331, 0304, 
0511, 0236, 0304, 1028, 1887, 0623, 0761, 3239, 0824, 1022, 0245, 0743, 0575, 0020, 0204, 2303, 0318, 1947, 0821, 0777, 0825, 0109, 0344, 0764, 1502, 1968, 0416, 0332, 0331, 1562, 0818, 1398, 
0511, 0236, 0304, 0623, 0761, 0824, 0109, 1028, 0825, 2303, 1075, 1947, 0821, 1154, 0575, 0020, 0204, 0777, 0743, 3239, 1022, 0344, 0764, 1968, 0416, 0332, 0331, 1562, 0318, 0818, 1398, 2084, 
0511, 3239, 0236, 0304, 0623, 0761, 1562, 0416, 0332, 0331, 0204, 1968, 1502, 0764, 0344, 1022, 0743, 0777, 2303, 1075, 1154, 0821, 1028, 1947, 0575, 0020, 0825, 0109, 0824, 0318, 0818, 1398, 2084, 1577, 
0511, 0236, 0304, 0332, 1562, 0416, 0331, 0204, 1968, 1502, 0824, 0671, 0109, 1028, 0575, 0020, 0777, 1947, 2267, 0365, 1154, 1075, 0821, 0825, 0439, 0245, 3239, 1022, 0764, 2303, 0818, 0318, 0623, 0761, 1398, 
0511, 0236, 0304, 0623, 0761, 0824, 1022, 0825, 2303, 1075, 2084, 1960, 3239, 0777, 1947, 0204, 0821, 0020, 0575, 2267, 0245, 1028, 0109, 0344, 0764, 1502, 1968, 0416, 0332, 0331, 1562, 0318, 0818, 1398, 
0511, 0236, 0304, 0623, 0761, 1502, 1028, 3882, 0764, 0344, 1022, 0743, 3239, 0777, 2303, 0204, 0020, 0575, 1947, 0821, 1154, 1075, 0825, 0109, 0824, 1968, 0416, 0332, 0331, 1562, 0318, 0818, 1398, 2084, 
1947, 0657, 3000, 1022, 0623, 0204, 0331, 0236, 0304, 1028, 1075, 3243, 0245, 0575, 0446, 0821, 2267, 1562, 0386, 0183, 3239, 0764, 1657, 0416, 0332, 0109, 1304, 1211, 0558, 0777, 0743, 2084, 0824, 0511, 0818, 0318, 1502, 0671, 3675, 1597, 0020, 0825, 
0764, 0365, 0511, 4770, 0761, 0344, 0736, 0204, 2246, 1260, 0558, 1560, 0020, 0575, 0743, 0821, 0446, 1154, 2230, 0245, 4395, 0777, 0825, 0416, 0332, 0331, 1028, 0236, 0304, 0818, 1924, 1304, 2267, 0623, 
0446, 1028, 0824, 2230, 1183, 0764, 0304, 0511, 0439, 2854, 0777, 0688, 1267, 0825, 0558, 0365, 0736, 1887, 0584, 1560, 0020, 0575, 0416, 0332, 0331, 0236, 0204, 2267, 1968, 2067, 1257, 1304, 3425, 1577, 3407, 2246, 4395, 1562, 0318, 
1597, 1028, 3239, 2303, 0558, 0743, 0236, 0304, 0825, 0511, 1304, 2267, 2230, 0109, 0416, 0332, 0204, 1022, 0318, 1562, 0365, 0020, 0777, 2084, 1154, 0344, 3000, 3240, 0764, 0824, 0761, 0821, 1947, 0245, 1960, 1075, 0818, 
0688, 0365, 0511, 0439, 1502, 2267, 1250, 0183, 1560, 0818, 0332, 0671, 1022, 1968, 0761, 0821, 1267, 1154, 1947, 0318, 0204, 4395, 0824, 2230, 1562, 0764, 1028, 1960, 3007, 0558, 1075, 1607, 2246, 0446, 4667, 0416, 0331, 0236, 0304, 0777, 2067, 0020, 0575, 0743, 0825, 0584, 3154, 1211, 0245, 0736, 2854, 2084, 1304, 3243, 4799, 1024, 0109, 1257, 3124, 1398, 3000, 2303, 2930, 
1607, 1788, 2057, 1024, 0204, 1028, 0584, 0657, 0236, 0304, 2272, 2267, 2930, 0318, 1960, 0109, 0020, 2067, 1257, 1577, 0386, 0688, 4281, 1562, 0825, 0777, 3239, 1443, 4667, 0824, 1884, 1304, 3356, 3124, 3000, 0446, 0365, 4770, 4799, 2084, 1597, 4850, 1022, 1250, 0183, 1502, 0671, 0764, 0818, 1213, 1887, 2303, 0623, 0331, 0332, 3407, 1968, 1646, 4247, 0511, 